# name: debug
# type: sparse matrix
# nnz: 630
# rows: 30
# columns: 30

1 1 2740531.993969283
2 1 22283.847012859
3 1 56736.081739241
4 1 769912.622632175
5 1 -1456685.926091630
6 1 -622842.540901041
7 1 32925.301554035
8 1 -62200.465855395
9 1 -31479.727003381
10 1 -256200.455232934
11 1 655.316529592
12 1 -186.329120056
13 1 13.808647457
14 1 900.627613289
15 1 133.563831114
16 1 -2633269.632603242
17 1 -16621.507939086
18 1 -7073.022597044
19 1 -769912.622632175
20 1 1456685.926091630
21 1 622842.540901041
22 1 41541.366339268
23 1 -78691.557335836
24 1 -28762.185234051
1 2 22283.847012859
2 2 2775575.788628481
3 2 -28412.573100306
4 2 1456135.940071135
5 2 769368.613906125
6 2 -1271524.880483296
7 2 62172.486456376
8 2 32896.028506548
9 2 -67299.957753531
10 2 -655.138913808
11 2 -256205.792214018
12 2 -98.779090665
13 2 -898.265705447
14 2 14.541270049
15 2 559.200939660
16 2 15833.734407176
17 2 -2634015.136901782
18 2 -1925.971457117
19 2 -1456135.940071135
20 2 -769368.613906125
21 2 1271524.880483296
22 2 78666.341573313
23 2 41518.022354715
24 2 -55683.116181936
1 3 56736.081739241
2 3 -28412.573100306
3 3 2705885.884535805
4 3 43901.041009818
5 3 -1414682.924207463
6 3 763.021164741
7 3 3645.322007278
8 3 -74184.209775958
9 3 40.586930774
10 3 202.047151914
11 3 85.082985744
12 3 -256213.788994553
13 3 -128.067594002
14 3 -563.882441823
15 3 2.340811044
16 3 12033.467219057
17 3 -1623.628903980
18 3 -2649971.876338096
19 3 -43901.041009818
20 3 1414682.924207463
21 3 -763.021164741
22 3 600.827678997
23 3 -62645.243845838
24 3 33.213188876
1 4 769912.622632175
2 4 1456135.940071135
3 4 43901.041009818
4 4 35736812.065003939
5 4 70.377453911
6 4 -778.760591256
7 4 1766170.612746398
8 4 3.941881647
9 4 -29.310902036
10 4 324.518581525
11 4 356.675054844
12 4 -87.399092520
13 4 3295.399525340
14 4 -1616.061899706
15 4 -23.188319900
16 4 114411.474676071
17 4 216523.444970525
18 4 -6545.665164262
19 4 -35736712.065003939
20 4 -70.377453911
21 4 778.760591256
22 4 1690317.553203091
23 4 2.865091422
24 4 -46.011549646
1 5 -1456685.926091630
2 5 769368.613906125
3 5 -1414682.924207463
4 5 70.377453911
5 5 35736782.666527897
6 5 -524.948068104
7 5 3.202000552
8 5 1766171.361510166
9 5 -23.887636596
10 5 -355.630130169
11 5 322.479039071
12 5 85.106526444
13 5 1616.195948210
14 5 3295.561764439
15 5 -67.914649212
16 5 -216555.536742708
17 5 114367.444937843
18 5 30786.651699224
19 5 -70.377453911
20 5 -35736682.666527897
21 5 524.948068104
22 5 3.604972516
23 5 1690313.960991264
24 5 -26.885830808
1 6 -622842.540901041
2 6 -1271524.880483296
3 6 763.021164741
4 6 -778.760591256
5 6 -524.948068104
6 6 35742715.126699343
7 6 -26.420063291
8 6 -29.725075506
9 6 1766376.923322974
10 6 -41.158883546
11 6 106.307800947
12 6 2.332887564
13 6 -50.845753419
14 6 -50.177163821
15 6 -3660.633773095
16 6 8314.188673754
17 6 30595.146758621
18 6 45.824635180
19 6 778.760591256
20 6 524.948068104
21 6 -35742615.126699343
22 6 -48.902388391
23 6 -21.048391898
24 6 1690682.192266647
1 7 32925.301554035
2 7 62172.486456376
3 7 3645.322007278
4 7 1766170.612746398
5 7 3.202000552
6 7 -26.420063291
7 7 113757.808429930
8 7 0.299917581
9 7 -2.577818270
10 7 24.013686181
11 7 45.565572361
12 7 -8.462234447
13 7 2422.455115040
14 7 -1283.680564300
15 7 -0.351793130
16 7 607.169851519
17 7 1149.392846346
18 7 235.037487405
19 7 -1766170.612746397
20 7 -3.202000552
21 7 26.420063291
22 7 57067.862686690
23 7 0.009782903
24 7 0.022445075
1 8 -62200.465855395
2 8 32896.028506548
3 8 -74184.209775958
4 8 3.941881647
5 8 1766171.361510166
6 8 -29.725075506
7 8 0.299917581
8 8 113757.888119029
9 8 -2.614803680
10 8 -45.567510945
11 8 24.034748977
12 8 6.903035919
13 8 1283.703934527
14 8 2422.446676332
15 8 -3.279554245
16 8 -1150.190447959
17 8 606.972753826
18 8 422.752082592
19 8 -3.941881647
20 8 -1766171.361510166
21 8 29.725075506
22 8 0.081344894
23 8 57067.855418721
24 8 -0.260233384
1 9 -31479.727003381
2 9 -67299.957753531
3 9 40.586930774
4 9 -29.310902036
5 9 -23.887636596
6 9 1766376.923322974
7 9 -2.577818270
8 9 -2.614803680
9 9 113782.532581485
10 9 -4.015605893
11 9 9.434448236
12 9 -0.005930144
13 9 -2.179866673
14 9 -2.844567378
15 9 -2742.977759652
16 9 403.623673440
17 9 265.582461863
18 9 0.846672635
19 9 29.310902036
20 9 23.887636596
21 9 -1766376.923322975
22 9 -0.257159549
23 9 0.304369159
24 9 57063.093086777
1 10 -256200.455232934
2 10 -655.138913808
3 10 202.047151914
4 10 324.518581525
5 10 -355.630130169
6 10 -41.158883546
7 10 24.013686181
8 10 -45.567510945
9 10 -4.015605893
10 10 1024781.054624990
11 10 -0.010030628
12 10 0.003866250
13 10 -0.578336597
14 10 -2.799517963
15 10 0.196580871
16 10 256193.464588584
17 10 2226.375393950
18 10 317.901285972
19 10 -324.518581525
20 10 355.630130169
21 10 41.158883546
22 10 7.374054097
23 10 11.170632627
24 10 0.034680238
25 10 -1000000.000000000
26 10 0.000000000
27 10 0.000000000
1 11 655.316529592
2 11 -256205.792214018
3 11 85.082985744
4 11 356.675054844
5 11 322.479039071
6 11 106.307800947
7 11 45.565572361
8 11 24.034748977
9 11 9.434448236
10 11 -0.010030628
11 11 1024781.055437979
12 11 0.022757310
13 11 2.800503533
14 11 -0.565952759
15 11 -0.415442019
16 11 -2226.492539062
17 11 256193.544474725
18 11 126.978723677
19 11 -356.675054844
20 11 -322.479039071
21 11 -106.307800947
22 11 -11.067627952
23 11 7.155724850
24 11 0.847741554
25 11 0.000000000
26 11 -1000000.000000000
27 11 0.000000000
1 12 -186.329120056
2 12 -98.779090665
3 12 -256213.788994553
4 12 -87.399092520
5 12 85.106526444
6 12 2.332887564
7 12 -8.462234447
8 12 6.903035919
9 12 -0.005930144
10 12 0.003866250
11 12 0.022757310
12 12 1024780.835987171
13 12 -0.235206384
14 12 0.430419778
15 12 0.011276050
16 12 -314.478710320
17 12 -128.154880635
18 12 256209.394084284
19 12 87.399092520
20 12 -85.106526444
21 12 -2.332887564
22 12 0.008912595
23 12 1.328546801
24 12 0.231569208
25 12 0.000000000
26 12 0.000000000
27 12 -1000000.000000000
1 13 13.808647457
